T(:,:,1) =

    0.1489    0.5329   -0.8330    0.0568
   -0.8008    0.5592    0.2146   -0.2866
    0.5801    0.6351    0.5100    0.1947
         0         0         0    1.0000


T(:,:,2) =

    0.1497    0.5327   -0.8330    0.0570
   -0.8003    0.5599    0.2143   -0.2864
    0.5806    0.6346    0.5101    0.1947
         0         0         0    1.0000


T(:,:,3) =

    0.1519    0.5321   -0.8330    0.0573
   -0.7990    0.5622    0.2134   -0.2859
    0.5819    0.6331    0.5105    0.1946
         0         0         0    1.0000


T(:,:,4) =

    0.1556    0.5310   -0.8329    0.0580
   -0.7967    0.5659    0.2120   -0.2851
    0.5840    0.6306    0.5111    0.1945
         0         0         0    1.0000


T(:,:,5) =

    0.1607    0.5295   -0.8329    0.0589
   -0.7935    0.5712    0.2100   -0.2840
    0.5869    0.6272    0.5120    0.1944
         0         0         0    1.0000


T(:,:,6) =

    0.1673    0.5276   -0.8329    0.0600
   -0.7893    0.5779    0.2075   -0.2825
    0.5907    0.6227    0.5131    0.1942
         0         0         0    1.0000


T(:,:,7) =

    0.1754    0.5251   -0.8328    0.0615
   -0.7841    0.5860    0.2043   -0.2807
    0.5953    0.6172    0.5145    0.1940
         0         0         0    1.0000


T(:,:,8) =

    0.1849    0.5221   -0.8326    0.0631
   -0.7779    0.5955    0.2007   -0.2786
    0.6006    0.6106    0.5162    0.1937
         0         0         0    1.0000


T(:,:,9) =

    0.1958    0.5185   -0.8324    0.0651
   -0.7705    0.6064    0.1965   -0.2762
    0.6066    0.6029    0.5182    0.1933
         0         0         0    1.0000


T(:,:,10) =

    0.2081    0.5142   -0.8321    0.0672
   -0.7620    0.6186    0.1917   -0.2734
    0.6133    0.5941    0.5205    0.1930
         0         0         0    1.0000


T(:,:,11) =

    0.2217    0.5091   -0.8316    0.0697
   -0.7521    0.6321    0.1864   -0.2703
    0.6206    0.5842    0.5231    0.1926
         0         0         0    1.0000


T(:,:,12) =

    0.2367    0.5033   -0.8310    0.0724
   -0.7410    0.6468    0.1807   -0.2669
    0.6284    0.5730    0.5261    0.1921
         0         0         0    1.0000


T(:,:,13) =

    0.2530    0.4966   -0.8303    0.0753
   -0.7284    0.6626    0.1744   -0.2631
    0.6367    0.5607    0.5294    0.1916
         0         0         0    1.0000


T(:,:,14) =

    0.2705    0.4889   -0.8293    0.0786
   -0.7143    0.6795    0.1676   -0.2591
    0.6455    0.5470    0.5330    0.1911
         0         0         0    1.0000


T(:,:,15) =

    0.2892    0.4802   -0.8281    0.0820
   -0.6986    0.6973    0.1604   -0.2547
    0.6545    0.5321    0.5371    0.1905
         0         0         0    1.0000


T(:,:,16) =

    0.3091    0.4703   -0.8266    0.0858
   -0.6811    0.7161    0.1527   -0.2499
    0.6637    0.5158    0.5416    0.1899
         0         0         0    1.0000


T(:,:,17) =

    0.3300    0.4591   -0.8248    0.0897
   -0.6619    0.7355    0.1447   -0.2449
    0.6731    0.4982    0.5466    0.1892
         0         0         0    1.0000


T(:,:,18) =

    0.3515    0.4468   -0.8227    0.0939
   -0.6410    0.7554    0.1363   -0.2396
    0.6823    0.4794    0.5519    0.1885
         0         0         0    1.0000


T(:,:,19) =

    0.3728    0.4338   -0.8203    0.0981
   -0.6193    0.7746    0.1281   -0.2343
    0.6910    0.4603    0.5574    0.1878
         0         0         0    1.0000


T(:,:,20) =

    0.3936    0.4201   -0.8177    0.1023
   -0.5971    0.7931    0.1201   -0.2290
    0.6990    0.4409    0.5630    0.1871
         0         0         0    1.0000


T(:,:,21) =

    0.4140    0.4059   -0.8148    0.1065
   -0.5742    0.8110    0.1123   -0.2237
    0.7064    0.4214    0.5688    0.1864
         0         0         0    1.0000


T(:,:,22) =

    0.4339    0.3910   -0.8117    0.1107
   -0.5507    0.8281    0.1046   -0.2183
    0.7131    0.4016    0.5746    0.1857
         0         0         0    1.0000


T(:,:,23) =

    0.4533    0.3756   -0.8084    0.1149
   -0.5266    0.8445    0.0971   -0.2130
    0.7192    0.3817    0.5806    0.1850
         0         0         0    1.0000


T(:,:,24) =

    0.4722    0.3596   -0.8048    0.1191
   -0.5020    0.8602    0.0898   -0.2077
    0.7246    0.3616    0.5867    0.1843
         0         0         0    1.0000


T(:,:,25) =

    0.4906    0.3430   -0.8010    0.1233
   -0.4768    0.8751    0.0827   -0.2024
    0.7293    0.3414    0.5929    0.1836
         0         0         0    1.0000


T(:,:,26) =

    0.5085    0.3260   -0.7970    0.1275
   -0.4512    0.8892    0.0758   -0.1971
    0.7334    0.3210    0.5992    0.1829
         0         0         0    1.0000


T(:,:,27) =

    0.5257    0.3084   -0.7928    0.1317
   -0.4250    0.9025    0.0692   -0.1918
    0.7368    0.3006    0.6056    0.1822
         0         0         0    1.0000


T(:,:,28) =

    0.5425    0.2903   -0.7883    0.1359
   -0.3985    0.9150    0.0627   -0.1864
    0.7396    0.2801    0.6120    0.1815
         0         0         0    1.0000


T(:,:,29) =

    0.5586    0.2717   -0.7837    0.1401
   -0.3714    0.9267    0.0565   -0.1811
    0.7416    0.2595    0.6186    0.1807
         0         0         0    1.0000


T(:,:,30) =

    0.5741    0.2527   -0.7788    0.1443
   -0.3440    0.9376    0.0506   -0.1758
    0.7430    0.2389    0.6252    0.1800
         0         0         0    1.0000


T(:,:,31) =

    0.5890    0.2332   -0.7738    0.1485
   -0.3163    0.9476    0.0448   -0.1705
    0.7437    0.2183    0.6319    0.1793
         0         0         0    1.0000


T(:,:,32) =

    0.6032    0.2133   -0.7685    0.1527
   -0.2881    0.9568    0.0394   -0.1652
    0.7437    0.1977    0.6386    0.1786
         0         0         0    1.0000


T(:,:,33) =

    0.6168    0.1930   -0.7631    0.1569
   -0.2597    0.9651    0.0341   -0.1599
    0.7430    0.1771    0.6454    0.1779
         0         0         0    1.0000


T(:,:,34) =

    0.6297    0.1724   -0.7575    0.1611
   -0.2311    0.9725    0.0292   -0.1546
    0.7417    0.1567    0.6522    0.1772
         0         0         0    1.0000


T(:,:,35) =

    0.6413    0.1524   -0.7520    0.1651
   -0.2036    0.9787    0.0247   -0.1495
    0.7398    0.1372    0.6587    0.1766
         0         0         0    1.0000


T(:,:,36) =

    0.6516    0.1334   -0.7467    0.1688
   -0.1777    0.9839    0.0208   -0.1448
    0.7374    0.1192    0.6648    0.1759
         0         0         0    1.0000


T(:,:,37) =

    0.6608    0.1156   -0.7417    0.1723
   -0.1534    0.9880    0.0173   -0.1404
    0.7348    0.1024    0.6706    0.1753
         0         0         0    1.0000


T(:,:,38) =

    0.6688    0.0988   -0.7369    0.1755
   -0.1309    0.9913    0.0142   -0.1363
    0.7319    0.0869    0.6759    0.1748
         0         0         0    1.0000


T(:,:,39) =

    0.6757    0.0833   -0.7324    0.1784
   -0.1100    0.9939    0.0115   -0.1326
    0.7289    0.0728    0.6808    0.1743
         0         0         0    1.0000


T(:,:,40) =

    0.6818    0.0690   -0.7283    0.1811
   -0.0909    0.9958    0.0092   -0.1292
    0.7259    0.0599    0.6852    0.1739
         0         0         0    1.0000


T(:,:,41) =

    0.6870    0.0559   -0.7245    0.1836
   -0.0736    0.9973    0.0072   -0.1261
    0.7229    0.0484    0.6893    0.1734
         0         0         0    1.0000


T(:,:,42) =

    0.6915    0.0442   -0.7210    0.1858
   -0.0581    0.9983    0.0055   -0.1233
    0.7200    0.0381    0.6929    0.1731
         0         0         0    1.0000


T(:,:,43) =

    0.6953    0.0338   -0.7179    0.1877
   -0.0443    0.9990    0.0041   -0.1209
    0.7174    0.0290    0.6961    0.1728
         0         0         0    1.0000


T(:,:,44) =

    0.6984    0.0247   -0.7153    0.1894
   -0.0324    0.9995    0.0029   -0.1188
    0.7150    0.0212    0.6988    0.1725
         0         0         0    1.0000


T(:,:,45) =

    0.7010    0.0170   -0.7130    0.1908
   -0.0224    0.9997    0.0019   -0.1170
    0.7128    0.0146    0.7012    0.1722
         0         0         0    1.0000


T(:,:,46) =

    0.7030    0.0107   -0.7111    0.1919
   -0.0141    0.9999    0.0011   -0.1155
    0.7110    0.0093    0.7031    0.1720
         0         0         0    1.0000


T(:,:,47) =

    0.7046    0.0058   -0.7096    0.1928
   -0.0077    1.0000    0.0005   -0.1144
    0.7096    0.0051    0.7046    0.1719
         0         0         0    1.0000


T(:,:,48) =

    0.7056    0.0023   -0.7086    0.1935
   -0.0031    1.0000    0.0001   -0.1136
    0.7086    0.0021    0.7057    0.1718
         0         0         0    1.0000


T(:,:,49) =

    0.7063    0.0001   -0.7079    0.1939
   -0.0004    1.0000   -0.0002   -0.1131
    0.7079    0.0004    0.7063    0.1717
         0         0         0    1.0000


T(:,:,50) =

    0.7065   -0.0006   -0.7077    0.1940
    0.0006    1.0000   -0.0002   -0.1129
    0.7077   -0.0002    0.7065    0.1717
         0         0         0    1.0000


T(:,:,1) =

    0.7065   -0.0006   -0.7077    0.1940
    0.0006    1.0000   -0.0002   -0.1129
    0.7077   -0.0002    0.7065    0.1717
         0         0         0    1.0000


T(:,:,2) =

    0.7065   -0.0005   -0.7077    0.1940
    0.0005    1.0000   -0.0002   -0.1129
    0.7077   -0.0002    0.7065    0.1717
         0         0         0    1.0000


T(:,:,3) =

    0.7065   -0.0004   -0.7077    0.1940
    0.0005    1.0000   -0.0001   -0.1129
    0.7077   -0.0003    0.7065    0.1717
         0         0         0    1.0000


T(:,:,4) =

    0.7066   -0.0002   -0.7076    0.1940
    0.0004    1.0000    0.0001   -0.1130
    0.7076   -0.0004    0.7066    0.1717
         0         0         0    1.0000


T(:,:,5) =

    0.7067    0.0001   -0.7076    0.1940
    0.0003    1.0000    0.0004   -0.1130
    0.7076   -0.0005    0.7067    0.1717
         0         0         0    1.0000


T(:,:,6) =

    0.7068    0.0005   -0.7075    0.1939
    0.0001    1.0000    0.0008   -0.1131
    0.7075   -0.0007    0.7068    0.1716
         0         0         0    1.0000


T(:,:,7) =

    0.7069    0.0009   -0.7074    0.1939
   -0.0001    1.0000    0.0013   -0.1131
    0.7074   -0.0008    0.7069    0.1716
         0         0         0    1.0000


T(:,:,8) =

    0.7070    0.0015   -0.7072    0.1939
   -0.0003    1.0000    0.0018   -0.1132
    0.7072   -0.0011    0.7070    0.1716
         0         0         0    1.0000


T(:,:,9) =

    0.7071    0.0021   -0.7071    0.1938
   -0.0005    1.0000    0.0024   -0.1133
    0.7071   -0.0013    0.7071    0.1715
         0         0         0    1.0000


T(:,:,10) =

    0.7073    0.0028   -0.7069    0.1938
   -0.0008    1.0000    0.0031   -0.1134
    0.7069   -0.0016    0.7073    0.1715
         0         0         0    1.0000


T(:,:,11) =

    0.7075    0.0036   -0.7067    0.1937
   -0.0012    1.0000    0.0039   -0.1136
    0.7067   -0.0019    0.7075    0.1714
         0         0         0    1.0000


T(:,:,12) =

    0.7077    0.0044   -0.7065    0.1936
   -0.0015    1.0000    0.0048   -0.1137
    0.7065   -0.0023    0.7077    0.1714
         0         0         0    1.0000


T(:,:,13) =

    0.7079    0.0054   -0.7063    0.1936
   -0.0019    1.0000    0.0057   -0.1139
    0.7063   -0.0027    0.7079    0.1713
         0         0         0    1.0000


T(:,:,14) =

    0.7082    0.0064   -0.7060    0.1935
   -0.0023    1.0000    0.0068   -0.1140
    0.7060   -0.0031    0.7082    0.1712
         0         0         0    1.0000


T(:,:,15) =

    0.7085    0.0075   -0.7057    0.1934
   -0.0028    1.0000    0.0079   -0.1142
    0.7058   -0.0036    0.7084    0.1712
         0         0         0    1.0000


T(:,:,16) =

    0.7087    0.0087   -0.7054    0.1933
   -0.0033    1.0000    0.0091   -0.1144
    0.7055   -0.0041    0.7087    0.1711
         0         0         0    1.0000


T(:,:,17) =

    0.7090    0.0100   -0.7051    0.1933
   -0.0038    0.9999    0.0103   -0.1146
    0.7052   -0.0046    0.7090    0.1710
         0         0         0    1.0000


T(:,:,18) =

    0.7094    0.0114   -0.7047    0.1932
   -0.0044    0.9999    0.0117   -0.1148
    0.7048   -0.0052    0.7094    0.1709
         0         0         0    1.0000


T(:,:,19) =

    0.7097    0.0128   -0.7044    0.1931
   -0.0050    0.9999    0.0131   -0.1151
    0.7045   -0.0058    0.7097    0.1708
         0         0         0    1.0000


T(:,:,20) =

    0.7101    0.0143   -0.7040    0.1929
   -0.0057    0.9999    0.0147   -0.1153
    0.7041   -0.0064    0.7101    0.1707
         0         0         0    1.0000


T(:,:,21) =

    0.7104    0.0160   -0.7036    0.1928
   -0.0063    0.9998    0.0163   -0.1156
    0.7037   -0.0071    0.7104    0.1706
         0         0         0    1.0000


T(:,:,22) =

    0.7108    0.0176   -0.7031    0.1927
   -0.0070    0.9998    0.0180   -0.1158
    0.7033   -0.0078    0.7108    0.1705
         0         0         0    1.0000


T(:,:,23) =

    0.7113    0.0194   -0.7027    0.1926
   -0.0078    0.9998    0.0197   -0.1161
    0.7029   -0.0086    0.7112    0.1704
         0         0         0    1.0000


T(:,:,24) =

    0.7117    0.0213   -0.7022    0.1925
   -0.0086    0.9997    0.0216   -0.1164
    0.7024   -0.0094    0.7117    0.1703
         0         0         0    1.0000


T(:,:,25) =

    0.7121    0.0232   -0.7017    0.1923
   -0.0094    0.9997    0.0235   -0.1167
    0.7020   -0.0102    0.7121    0.1701
         0         0         0    1.0000


T(:,:,26) =

    0.7126    0.0252   -0.7011    0.1922
   -0.0102    0.9996    0.0256   -0.1171
    0.7015   -0.0110    0.7126    0.1700
         0         0         0    1.0000


T(:,:,27) =

    0.7131    0.0273   -0.7005    0.1920
   -0.0111    0.9996    0.0277   -0.1174
    0.7010   -0.0119    0.7131    0.1699
         0         0         0    1.0000


T(:,:,28) =

    0.7136    0.0295   -0.6999    0.1919
   -0.0121    0.9995    0.0298   -0.1178
    0.7005   -0.0128    0.7136    0.1697
         0         0         0    1.0000


T(:,:,29) =

    0.7141    0.0318   -0.6993    0.1917
   -0.0130    0.9994    0.0321   -0.1181
    0.6999   -0.0138    0.7141    0.1696
         0         0         0    1.0000


T(:,:,30) =

    0.7146    0.0341   -0.6987    0.1915
   -0.0140    0.9993    0.0344   -0.1185
    0.6994   -0.0148    0.7146    0.1694
         0         0         0    1.0000


T(:,:,31) =

    0.7152    0.0365   -0.6980    0.1914
   -0.0151    0.9992    0.0369   -0.1189
    0.6988   -0.0158    0.7152    0.1693
         0         0         0    1.0000


T(:,:,32) =

    0.7157    0.0390   -0.6973    0.1912
   -0.0161    0.9991    0.0394   -0.1193
    0.6982   -0.0169    0.7157    0.1691
         0         0         0    1.0000


T(:,:,33) =

    0.7163    0.0416   -0.6965    0.1910
   -0.0173    0.9990    0.0420   -0.1197
    0.6976   -0.0180    0.7163    0.1689
         0         0         0    1.0000


T(:,:,34) =

    0.7169    0.0443   -0.6957    0.1908
   -0.0184    0.9988    0.0446   -0.1202
    0.6969   -0.0192    0.7169    0.1688
         0         0         0    1.0000


T(:,:,35) =

    0.7175    0.0470   -0.6949    0.1906
   -0.0196    0.9987    0.0474   -0.1206
    0.6963   -0.0204    0.7175    0.1686
         0         0         0    1.0000


T(:,:,36) =

    0.7181    0.0499   -0.6941    0.1904
   -0.0208    0.9985    0.0502   -0.1211
    0.6956   -0.0216    0.7181    0.1684
         0         0         0    1.0000


T(:,:,37) =

    0.7188    0.0528   -0.6932    0.1902
   -0.0221    0.9983    0.0531   -0.1216
    0.6949   -0.0229    0.7188    0.1682
         0         0         0    1.0000


T(:,:,38) =

    0.7194    0.0558   -0.6923    0.1900
   -0.0234    0.9982    0.0561   -0.1220
    0.6942   -0.0242    0.7194    0.1680
         0         0         0    1.0000


T(:,:,39) =

    0.7201    0.0588   -0.6914    0.1898
   -0.0247    0.9979    0.0592   -0.1225
    0.6934   -0.0255    0.7201    0.1678
         0         0         0    1.0000


T(:,:,40) =

    0.7208    0.0620   -0.6904    0.1896
   -0.0261    0.9977    0.0623   -0.1231
    0.6927   -0.0269    0.7207    0.1676
         0         0         0    1.0000


T(:,:,41) =

    0.7215    0.0652   -0.6894    0.1893
   -0.0275    0.9975    0.0655   -0.1236
    0.6919   -0.0283    0.7214    0.1674
         0         0         0    1.0000


T(:,:,42) =

    0.7222    0.0685   -0.6883    0.1891
   -0.0290    0.9972    0.0688   -0.1241
    0.6911   -0.0298    0.7221    0.1672
         0         0         0    1.0000


T(:,:,43) =

    0.7229    0.0719   -0.6872    0.1889
   -0.0305    0.9969    0.0722   -0.1247
    0.6903   -0.0313    0.7228    0.1669
         0         0         0    1.0000


T(:,:,44) =

    0.7236    0.0754   -0.6861    0.1886
   -0.0320    0.9966    0.0757   -0.1253
    0.6895   -0.0328    0.7235    0.1667
         0         0         0    1.0000


T(:,:,45) =

    0.7243    0.0789   -0.6849    0.1884
   -0.0336    0.9963    0.0792   -0.1258
    0.6887   -0.0344    0.7243    0.1665
         0         0         0    1.0000


T(:,:,46) =

    0.7251    0.0825   -0.6837    0.1881
   -0.0352    0.9959    0.0829   -0.1264
    0.6878   -0.0360    0.7250    0.1662
         0         0         0    1.0000


T(:,:,47) =

    0.7258    0.0862   -0.6825    0.1878
   -0.0369    0.9956    0.0866   -0.1270
    0.6869   -0.0377    0.7258    0.1660
         0         0         0    1.0000


T(:,:,48) =

    0.7266    0.0900   -0.6812    0.1876
   -0.0386    0.9952    0.0903   -0.1277
    0.6860   -0.0394    0.7265    0.1657
         0         0         0    1.0000


T(:,:,49) =

    0.7273    0.0938   -0.6798    0.1873
   -0.0403    0.9947    0.0942   -0.1283
    0.6851   -0.0411    0.7273    0.1655
         0         0         0    1.0000


T(:,:,50) =

    0.7281    0.0978   -0.6785    0.1870
   -0.0421    0.9943    0.0981   -0.1289
    0.6842   -0.0429    0.7281    0.1652
         0         0         0    1.0000


T(:,:,51) =

    0.7289    0.1018   -0.6770    0.1867
   -0.0439    0.9938    0.1021   -0.1296
    0.6832   -0.0447    0.7288    0.1650
         0         0         0    1.0000


T(:,:,52) =

    0.7297    0.1059   -0.6756    0.1864
   -0.0458    0.9933    0.1062   -0.1303
    0.6823   -0.0466    0.7296    0.1647
         0         0         0    1.0000


T(:,:,53) =

    0.7305    0.1100   -0.6740    0.1861
   -0.0477    0.9927    0.1104   -0.1310
    0.6813   -0.0485    0.7304    0.1644
         0         0         0    1.0000


T(:,:,54) =

    0.7313    0.1143   -0.6725    0.1858
   -0.0496    0.9922    0.1146   -0.1317
    0.6803   -0.0504    0.7312    0.1641
         0         0         0    1.0000


T(:,:,55) =

    0.7321    0.1186   -0.6708    0.1855
   -0.0516    0.9916    0.1189   -0.1324
    0.6793   -0.0524    0.7320    0.1638
         0         0         0    1.0000


T(:,:,56) =

    0.7329    0.1230   -0.6692    0.1852
   -0.0537    0.9909    0.1233   -0.1331
    0.6782   -0.0544    0.7328    0.1635
         0         0         0    1.0000


T(:,:,57) =

    0.7337    0.1274   -0.6674    0.1849
   -0.0558    0.9902    0.1278   -0.1339
    0.6772   -0.0565    0.7336    0.1632
         0         0         0    1.0000


T(:,:,58) =

    0.7345    0.1319   -0.6656    0.1845
   -0.0579    0.9895    0.1323   -0.1346
    0.6761   -0.0586    0.7344    0.1629
         0         0         0    1.0000


T(:,:,59) =

    0.7353    0.1365   -0.6638    0.1842
   -0.0600    0.9888    0.1369   -0.1354
    0.6750   -0.0608    0.7353    0.1626
         0         0         0    1.0000


T(:,:,60) =

    0.7361    0.1412   -0.6619    0.1838
   -0.0622    0.9880    0.1416   -0.1362
    0.6740   -0.0630    0.7361    0.1623
         0         0         0    1.0000


T(:,:,61) =

    0.7370    0.1460   -0.6600    0.1835
   -0.0645    0.9871    0.1463   -0.1370
    0.6728   -0.0653    0.7369    0.1620
         0         0         0    1.0000


T(:,:,62) =

    0.7378    0.1508   -0.6580    0.1831
   -0.0668    0.9863    0.1511   -0.1378
    0.6717   -0.0676    0.7377    0.1617
         0         0         0    1.0000


T(:,:,63) =

    0.7386    0.1557   -0.6559    0.1828
   -0.0691    0.9853    0.1560   -0.1386
    0.6706   -0.0699    0.7385    0.1613
         0         0         0    1.0000


T(:,:,64) =

    0.7394    0.1607   -0.6538    0.1824
   -0.0715    0.9844    0.1610   -0.1394
    0.6694   -0.0723    0.7394    0.1610
         0         0         0    1.0000


T(:,:,65) =

    0.7403    0.1657   -0.6516    0.1821
   -0.0740    0.9833    0.1660   -0.1403
    0.6682   -0.0747    0.7402    0.1607
         0         0         0    1.0000


T(:,:,66) =

    0.7411    0.1708   -0.6493    0.1817
   -0.0764    0.9823    0.1711   -0.1411
    0.6671   -0.0772    0.7410    0.1603
         0         0         0    1.0000


T(:,:,67) =

    0.7419    0.1760   -0.6470    0.1813
   -0.0790    0.9812    0.1763   -0.1420
    0.6659   -0.0797    0.7418    0.1600
         0         0         0    1.0000


T(:,:,68) =

    0.7427    0.1812   -0.6447    0.1809
   -0.0815    0.9800    0.1815   -0.1429
    0.6646   -0.0823    0.7426    0.1596
         0         0         0    1.0000


T(:,:,69) =

    0.7435    0.1864   -0.6422    0.1805
   -0.0841    0.9788    0.1867   -0.1438
    0.6634   -0.0848    0.7434    0.1592
         0         0         0    1.0000


T(:,:,70) =

    0.7443    0.1916   -0.6398    0.1801
   -0.0867    0.9776    0.1919   -0.1447
    0.6622   -0.0874    0.7442    0.1589
         0         0         0    1.0000


T(:,:,71) =

    0.7450    0.1968   -0.6373    0.1797
   -0.0892    0.9763    0.1971   -0.1456
    0.6610   -0.0900    0.7449    0.1585
         0         0         0    1.0000


T(:,:,72) =

    0.7458    0.2020   -0.6349    0.1794
   -0.0918    0.9750    0.2023   -0.1464
    0.6598   -0.0926    0.7457    0.1582
         0         0         0    1.0000


T(:,:,73) =

    0.7465    0.2071   -0.6323    0.1790
   -0.0944    0.9737    0.2075   -0.1473
    0.6587   -0.0952    0.7464    0.1578
         0         0         0    1.0000


T(:,:,74) =

    0.7472    0.2123   -0.6298    0.1786
   -0.0970    0.9723    0.2126   -0.1482
    0.6575   -0.0978    0.7471    0.1574
         0         0         0    1.0000


T(:,:,75) =

    0.7479    0.2174   -0.6272    0.1782
   -0.0996    0.9709    0.2178   -0.1491
    0.6563   -0.1004    0.7478    0.1571
         0         0         0    1.0000


T(:,:,76) =

    0.7486    0.2226   -0.6246    0.1778
   -0.1023    0.9695    0.2229   -0.1500
    0.6551   -0.1030    0.7485    0.1567
         0         0         0    1.0000


T(:,:,77) =

    0.7492    0.2277   -0.6219    0.1774
   -0.1049    0.9680    0.2280   -0.1509
    0.6539   -0.1056    0.7491    0.1564
         0         0         0    1.0000


T(:,:,78) =

    0.7499    0.2328   -0.6193    0.1770
   -0.1075    0.9665    0.2331   -0.1518
    0.6528   -0.1082    0.7498    0.1560
         0         0         0    1.0000


T(:,:,79) =

    0.7505    0.2379   -0.6166    0.1767
   -0.1101    0.9649    0.2382   -0.1526
    0.6516   -0.1109    0.7504    0.1557
         0         0         0    1.0000


T(:,:,80) =

    0.7511    0.2430   -0.6138    0.1763
   -0.1128    0.9634    0.2433   -0.1535
    0.6505   -0.1135    0.7510    0.1553
         0         0         0    1.0000


T(:,:,81) =

    0.7517    0.2480   -0.6111    0.1759
   -0.1154    0.9618    0.2484   -0.1544
    0.6493   -0.1162    0.7516    0.1549
         0         0         0    1.0000


T(:,:,82) =

    0.7523    0.2531   -0.6083    0.1755
   -0.1181    0.9601    0.2534   -0.1553
    0.6482   -0.1188    0.7522    0.1546
         0         0         0    1.0000


T(:,:,83) =

    0.7528    0.2581   -0.6055    0.1751
   -0.1207    0.9585    0.2584   -0.1562
    0.6470   -0.1215    0.7527    0.1542
         0         0         0    1.0000


T(:,:,84) =

    0.7534    0.2631   -0.6026    0.1747
   -0.1234    0.9567    0.2635   -0.1571
    0.6459   -0.1241    0.7533    0.1539
         0         0         0    1.0000


T(:,:,85) =

    0.7539    0.2681   -0.5998    0.1743
   -0.1261    0.9550    0.2685   -0.1580
    0.6448   -0.1268    0.7538    0.1535
         0         0         0    1.0000


T(:,:,86) =

    0.7544    0.2731   -0.5969    0.1739
   -0.1287    0.9532    0.2735   -0.1588
    0.6436   -0.1295    0.7543    0.1532
         0         0         0    1.0000


T(:,:,87) =

    0.7549    0.2781   -0.5939    0.1736
   -0.1314    0.9514    0.2784   -0.1597
    0.6425   -0.1321    0.7548    0.1528
         0         0         0    1.0000


T(:,:,88) =

    0.7554    0.2831   -0.5910    0.1732
   -0.1341    0.9496    0.2834   -0.1606
    0.6414   -0.1348    0.7553    0.1524
         0         0         0    1.0000


T(:,:,89) =

    0.7559    0.2880   -0.5880    0.1728
   -0.1368    0.9477    0.2884   -0.1615
    0.6403   -0.1375    0.7557    0.1521
         0         0         0    1.0000


T(:,:,90) =

    0.7563    0.2929   -0.5850    0.1724
   -0.1395    0.9458    0.2933   -0.1624
    0.6392   -0.1402    0.7562    0.1517
         0         0         0    1.0000


T(:,:,91) =

    0.7567    0.2979   -0.5819    0.1720
   -0.1422    0.9439    0.2982   -0.1633
    0.6381   -0.1429    0.7566    0.1514
         0         0         0    1.0000


T(:,:,92) =

    0.7571    0.3028   -0.5789    0.1716
   -0.1449    0.9419    0.3031   -0.1642
    0.6370   -0.1456    0.7570    0.1510
         0         0         0    1.0000


T(:,:,93) =

    0.7575    0.3076   -0.5758    0.1712
   -0.1476    0.9399    0.3080   -0.1651
    0.6359   -0.1483    0.7574    0.1506
         0         0         0    1.0000


T(:,:,94) =

    0.7579    0.3125   -0.5726    0.1708
   -0.1503    0.9378    0.3129   -0.1659
    0.6348   -0.1510    0.7578    0.1503
         0         0         0    1.0000


T(:,:,95) =

    0.7583    0.3174   -0.5695    0.1705
   -0.1530    0.9358    0.3177   -0.1668
    0.6337   -0.1538    0.7581    0.1499
         0         0         0    1.0000


T(:,:,96) =

    0.7586    0.3222   -0.5663    0.1701
   -0.1558    0.9337    0.3225   -0.1677
    0.6327   -0.1565    0.7585    0.1496
         0         0         0    1.0000


T(:,:,97) =

    0.7589    0.3270   -0.5631    0.1697
   -0.1585    0.9315    0.3274   -0.1686
    0.6316   -0.1592    0.7588    0.1492
         0         0         0    1.0000


T(:,:,98) =

    0.7592    0.3318   -0.5599    0.1693
   -0.1612    0.9293    0.3322   -0.1695
    0.6305   -0.1619    0.7591    0.1489
         0         0         0    1.0000


T(:,:,99) =

    0.7595    0.3366   -0.5566    0.1689
   -0.1639    0.9271    0.3369   -0.1704
    0.6295   -0.1647    0.7594    0.1485
         0         0         0    1.0000


T(:,:,100) =

    0.7598    0.3414   -0.5533    0.1685
   -0.1667    0.9249    0.3417   -0.1713
    0.6284   -0.1674    0.7596    0.1481
         0         0         0    1.0000


T(:,:,101) =

    0.7601    0.3461   -0.5500    0.1681
   -0.1694    0.9226    0.3465   -0.1721
    0.6274   -0.1701    0.7599    0.1478
         0         0         0    1.0000


T(:,:,102) =

    0.7603    0.3508   -0.5467    0.1677
   -0.1722    0.9203    0.3512   -0.1730
    0.6263   -0.1729    0.7601    0.1474
         0         0         0    1.0000


T(:,:,103) =

    0.7605    0.3556   -0.5433    0.1674
   -0.1749    0.9180    0.3559   -0.1739
    0.6253   -0.1756    0.7604    0.1471
         0         0         0    1.0000


T(:,:,104) =

    0.7607    0.3603   -0.5399    0.1670
   -0.1777    0.9156    0.3606   -0.1748
    0.6243   -0.1784    0.7606    0.1467
         0         0         0    1.0000


T(:,:,105) =

    0.7609    0.3649   -0.5365    0.1666
   -0.1804    0.9132    0.3653   -0.1757
    0.6233   -0.1811    0.7608    0.1464
         0         0         0    1.0000


T(:,:,106) =

    0.7611    0.3696   -0.5331    0.1662
   -0.1832    0.9108    0.3699   -0.1766
    0.6222   -0.1839    0.7609    0.1460
         0         0         0    1.0000


T(:,:,107) =

    0.7612    0.3742   -0.5296    0.1658
   -0.1860    0.9084    0.3746   -0.1775
    0.6212   -0.1867    0.7611    0.1456
         0         0         0    1.0000


T(:,:,108) =

    0.7614    0.3788   -0.5261    0.1654
   -0.1887    0.9059    0.3792   -0.1783
    0.6202   -0.1894    0.7612    0.1453
         0         0         0    1.0000


T(:,:,109) =

    0.7615    0.3835   -0.5226    0.1650
   -0.1915    0.9033    0.3838   -0.1792
    0.6192   -0.1922    0.7613    0.1449
         0         0         0    1.0000


T(:,:,110) =

    0.7616    0.3880   -0.5190    0.1647
   -0.1943    0.9008    0.3884   -0.1801
    0.6182   -0.1950    0.7614    0.1446
         0         0         0    1.0000


T(:,:,111) =

    0.7617    0.3926   -0.5155    0.1643
   -0.1970    0.8982    0.3929   -0.1810
    0.6173   -0.1977    0.7615    0.1442
         0         0         0    1.0000


T(:,:,112) =

    0.7618    0.3971   -0.5119    0.1639
   -0.1998    0.8956    0.3975   -0.1819
    0.6163   -0.2005    0.7616    0.1439
         0         0         0    1.0000


T(:,:,113) =

    0.7618    0.4017   -0.5082    0.1635
   -0.2026    0.8929    0.4020   -0.1828
    0.6153   -0.2033    0.7616    0.1435
         0         0         0    1.0000


T(:,:,114) =

    0.7618    0.4062   -0.5046    0.1631
   -0.2054    0.8903    0.4065   -0.1837
    0.6143   -0.2061    0.7617    0.1431
         0         0         0    1.0000


T(:,:,115) =

    0.7619    0.4107   -0.5009    0.1627
   -0.2082    0.8875    0.4110   -0.1846
    0.6134   -0.2089    0.7617    0.1428
         0         0         0    1.0000


T(:,:,116) =

    0.7619    0.4151   -0.4972    0.1623
   -0.2110    0.8848    0.4155   -0.1854
    0.6124   -0.2116    0.7617    0.1424
         0         0         0    1.0000


T(:,:,117) =

    0.7619    0.4196   -0.4935    0.1619
   -0.2137    0.8820    0.4199   -0.1863
    0.6115   -0.2144    0.7617    0.1421
         0         0         0    1.0000


T(:,:,118) =

    0.7618    0.4240   -0.4898    0.1616
   -0.2165    0.8792    0.4243   -0.1872
    0.6105   -0.2172    0.7616    0.1417
         0         0         0    1.0000


T(:,:,119) =

    0.7618    0.4284   -0.4860    0.1612
   -0.2193    0.8764    0.4287   -0.1881
    0.6096   -0.2200    0.7616    0.1413
         0         0         0    1.0000


T(:,:,120) =

    0.7617    0.4328   -0.4822    0.1608
   -0.2221    0.8735    0.4331   -0.1890
    0.6087   -0.2228    0.7615    0.1410
         0         0         0    1.0000


T(:,:,121) =

    0.7616    0.4371   -0.4784    0.1604
   -0.2249    0.8706    0.4375   -0.1899
    0.6077   -0.2256    0.7614    0.1406
         0         0         0    1.0000


T(:,:,122) =

    0.7615    0.4415   -0.4745    0.1600
   -0.2277    0.8677    0.4418   -0.1908
    0.6068   -0.2284    0.7613    0.1403
         0         0         0    1.0000


T(:,:,123) =

    0.7614    0.4458   -0.4707    0.1596
   -0.2305    0.8648    0.4462   -0.1916
    0.6059   -0.2312    0.7612    0.1399
         0         0         0    1.0000


T(:,:,124) =

    0.7613    0.4501   -0.4668    0.1592
   -0.2333    0.8618    0.4504   -0.1925
    0.6050   -0.2340    0.7611    0.1396
         0         0         0    1.0000


T(:,:,125) =

    0.7611    0.4544   -0.4629    0.1588
   -0.2361    0.8588    0.4547   -0.1934
    0.6041   -0.2368    0.7609    0.1392
         0         0         0    1.0000


T(:,:,126) =

    0.7609    0.4586   -0.4589    0.1585
   -0.2389    0.8557    0.4590   -0.1943
    0.6032   -0.2396    0.7607    0.1388
         0         0         0    1.0000


T(:,:,127) =

    0.7608    0.4629   -0.4550    0.1581
   -0.2417    0.8526    0.4632   -0.1952
    0.6023   -0.2424    0.7605    0.1385
         0         0         0    1.0000


T(:,:,128) =

    0.7605    0.4671   -0.4510    0.1577
   -0.2445    0.8495    0.4674   -0.1961
    0.6015   -0.2452    0.7603    0.1381
         0         0         0    1.0000


T(:,:,129) =

    0.7603    0.4713   -0.4470    0.1573
   -0.2473    0.8464    0.4716   -0.1970
    0.6006   -0.2480    0.7601    0.1378
         0         0         0    1.0000


T(:,:,130) =

    0.7601    0.4754   -0.4430    0.1569
   -0.2502    0.8432    0.4758   -0.1978
    0.5997   -0.2508    0.7599    0.1374
         0         0         0    1.0000


T(:,:,131) =

    0.7598    0.4796   -0.4389    0.1565
   -0.2530    0.8401    0.4799   -0.1987
    0.5989   -0.2536    0.7596    0.1371
         0         0         0    1.0000


T(:,:,132) =

    0.7596    0.4837   -0.4349    0.1561
   -0.2558    0.8368    0.4840   -0.1996
    0.5980   -0.2564    0.7593    0.1367
         0         0         0    1.0000


T(:,:,133) =

    0.7593    0.4878   -0.4308    0.1558
   -0.2586    0.8336    0.4881   -0.2005
    0.5972   -0.2592    0.7591    0.1363
         0         0         0    1.0000


T(:,:,134) =

    0.7590    0.4919   -0.4267    0.1554
   -0.2614    0.8303    0.4922   -0.2014
    0.5964   -0.2620    0.7587    0.1360
         0         0         0    1.0000


T(:,:,135) =

    0.7587    0.4959   -0.4226    0.1550
   -0.2642    0.8270    0.4962   -0.2023
    0.5955   -0.2648    0.7584    0.1356
         0         0         0    1.0000


T(:,:,136) =

    0.7583    0.4998   -0.4185    0.1546
   -0.2669    0.8238    0.5001   -0.2031
    0.5947   -0.2675    0.7581    0.1353
         0         0         0    1.0000


T(:,:,137) =

    0.7580    0.5036   -0.4145    0.1542
   -0.2696    0.8206    0.5039   -0.2040
    0.5940   -0.2702    0.7578    0.1349
         0         0         0    1.0000


T(:,:,138) =

    0.7576    0.5074   -0.4106    0.1539
   -0.2722    0.8174    0.5077   -0.2048
    0.5932   -0.2729    0.7574    0.1346
         0         0         0    1.0000


T(:,:,139) =

    0.7573    0.5110   -0.4067    0.1535
   -0.2748    0.8142    0.5114   -0.2056
    0.5925   -0.2755    0.7570    0.1343
         0         0         0    1.0000


T(:,:,140) =

    0.7569    0.5146   -0.4028    0.1532
   -0.2774    0.8111    0.5150   -0.2064
    0.5917   -0.2780    0.7567    0.1339
         0         0         0    1.0000


T(:,:,141) =

    0.7565    0.5181   -0.3990    0.1528
   -0.2799    0.8080    0.5185   -0.2072
    0.5910   -0.2806    0.7563    0.1336
         0         0         0    1.0000


T(:,:,142) =

    0.7561    0.5216   -0.3952    0.1525
   -0.2824    0.8049    0.5219   -0.2080
    0.5903   -0.2830    0.7559    0.1333
         0         0         0    1.0000


T(:,:,143) =

    0.7558    0.5249   -0.3915    0.1521
   -0.2848    0.8019    0.5253   -0.2088
    0.5897   -0.2855    0.7555    0.1330
         0         0         0    1.0000


T(:,:,144) =

    0.7554    0.5282   -0.3879    0.1518
   -0.2872    0.7988    0.5285   -0.2095
    0.5890   -0.2878    0.7551    0.1327
         0         0         0    1.0000


T(:,:,145) =

    0.7550    0.5314   -0.3842    0.1515
   -0.2896    0.7959    0.5317   -0.2103
    0.5884   -0.2902    0.7547    0.1324
         0         0         0    1.0000


T(:,:,146) =

    0.7546    0.5345   -0.3807    0.1512
   -0.2919    0.7929    0.5349   -0.2110
    0.5878   -0.2925    0.7543    0.1321
         0         0         0    1.0000


T(:,:,147) =

    0.7542    0.5376   -0.3772    0.1509
   -0.2941    0.7900    0.5379   -0.2117
    0.5871   -0.2948    0.7539    0.1318
         0         0         0    1.0000


T(:,:,148) =

    0.7537    0.5406   -0.3737    0.1505
   -0.2963    0.7871    0.5409   -0.2124
    0.5866   -0.2970    0.7535    0.1315
         0         0         0    1.0000


T(:,:,149) =

    0.7533    0.5435   -0.3703    0.1502
   -0.2985    0.7843    0.5438   -0.2131
    0.5860   -0.2991    0.7531    0.1312
         0         0         0    1.0000


T(:,:,150) =

    0.7529    0.5463   -0.3669    0.1500
   -0.3007    0.7815    0.5467   -0.2138
    0.5854   -0.3013    0.7527    0.1310
         0         0         0    1.0000


T(:,:,151) =

    0.7525    0.5491   -0.3636    0.1497
   -0.3027    0.7788    0.5494   -0.2145
    0.5849   -0.3034    0.7523    0.1307
         0         0         0    1.0000


T(:,:,152) =

    0.7521    0.5518   -0.3604    0.1494
   -0.3048    0.7760    0.5521   -0.2151
    0.5844   -0.3054    0.7518    0.1304
         0         0         0    1.0000


T(:,:,153) =

    0.7517    0.5544   -0.3572    0.1491
   -0.3068    0.7734    0.5548   -0.2157
    0.5838   -0.3074    0.7514    0.1302
         0         0         0    1.0000


T(:,:,154) =

    0.7513    0.5570   -0.3541    0.1488
   -0.3088    0.7708    0.5573   -0.2164
    0.5833   -0.3094    0.7510    0.1299
         0         0         0    1.0000


T(:,:,155) =

    0.7508    0.5595   -0.3510    0.1486
   -0.3107    0.7682    0.5598   -0.2170
    0.5829   -0.3113    0.7506    0.1297
         0         0         0    1.0000


T(:,:,156) =

    0.7504    0.5619   -0.3480    0.1483
   -0.3125    0.7656    0.5622   -0.2176
    0.5824   -0.3132    0.7502    0.1295
         0         0         0    1.0000


T(:,:,157) =

    0.7500    0.5643   -0.3451    0.1481
   -0.3144    0.7631    0.5646   -0.2181
    0.5819   -0.3150    0.7498    0.1292
         0         0         0    1.0000


T(:,:,158) =

    0.7496    0.5666   -0.3422    0.1478
   -0.3162    0.7607    0.5669   -0.2187
    0.5815   -0.3168    0.7494    0.1290
         0         0         0    1.0000


T(:,:,159) =

    0.7492    0.5688   -0.3393    0.1476
   -0.3179    0.7583    0.5691   -0.2193
    0.5811   -0.3185    0.7489    0.1288
         0         0         0    1.0000


T(:,:,160) =

    0.7488    0.5710   -0.3366    0.1473
   -0.3196    0.7559    0.5713   -0.2198
    0.5806   -0.3202    0.7485    0.1285
         0         0         0    1.0000


T(:,:,161) =

    0.7484    0.5731   -0.3339    0.1471
   -0.3213    0.7536    0.5734   -0.2203
    0.5802   -0.3219    0.7481    0.1283
         0         0         0    1.0000


T(:,:,162) =

    0.7480    0.5751   -0.3312    0.1469
   -0.3229    0.7514    0.5755   -0.2209
    0.5798   -0.3235    0.7478    0.1281
         0         0         0    1.0000


T(:,:,163) =

    0.7476    0.5771   -0.3286    0.1467
   -0.3245    0.7492    0.5774   -0.2214
    0.5795   -0.3251    0.7474    0.1279
         0         0         0    1.0000


T(:,:,164) =

    0.7472    0.5790   -0.3261    0.1464
   -0.3260    0.7470    0.5794   -0.2218
